0.09238211
-0.08333342
-4.7429472e-05
0.13609274
-0.011175321
-0.0089924205
0.08043641
-0.101534374
-0.04508045
0.61084
-0.113657795
0.0034711184
0.100918554
-0.10899798
-0.08336198
-0.12109535
0.08743214
-0.02681124
0.024526572
0.056514096
0.041731358
-0.068874136
-0.20864135
-0.10693822
0.16432102
-0.017738223
-0.016786749
0.028314978
0.070401706
-0.057068903
-0.026038477
-0.18456277
0.09588256
-0.12124136
0.45752808
-0.030420853
-0.07292788
-0.01265953
0.06199161
0.036108844
0.04240999
0.08484502
0.04518005
-0.18953422
-0.02906977
-0.027547795
-0.067674145
-0.1167998
0.08049736
-0.07296441
-0.018406108
0.08435919
0.013455208
-0.026963387
0.02983112
-0.12733647
0.055840436
-0.12506753
-0.09212624
0.12438387
-0.09406911
-0.05710423
-0.20370619
0.049791154
0.06307202
0.2554825
-0.08013551
-0.056131974
-0.014718442
0.05676381
-0.035559025
-0.019898761
-0.017803565
-0.053044833
0.10748473
-0.022899289
-0.12493962
-0.10535956
0.10175748
0.02644098
0.028946292
0.06778102
-0.0042341836
-0.117672265
-0.07518842
-0.0019726583
0.056131195
-0.124113426
0.006386234
-0.025153283
0.07354586
-0.12309669
0.17260891
0.060821395
-0.01926957
-0.018815244
0.18138486
-0.02185539
-0.03619864
0.27973258
0.017481526
-0.019785509
-0.01824051
0.052528434
0.031559173
0.009574575
-0.13774668
-0.06699128
0.08458527
-0.07565667
0.009943751
0.19430974
0.056256182
0.089832805
-0.10694187
-0.108841866
0.09010558
-0.086196326
-0.013626488
0.2467043
0.034893062
0.036051147
-0.028420053
0.021528978
0.04548863
0.0078294445
-0.0026524249
-0.07966903
-0.051467218
-0.00286113
0.0056829266
-0.15427229
-0.048391636
0.04674225
-0.0034700136
0.028079545
-0.005936806
0.027716072
-0.0010607906
-0.101578556
0.049530376
-0.038798407
-0.07667181
-0.11367204
0.2714571
-0.008964257
-0.08348254
0.0052336017
0.13406438
-0.0034210612
-0.3617079
0.008812292
-0.06465104
0.0138161015
-0.2796848
-0.052589584
0.12604237
0.018735645
-0.06540891
0.051481515
-0.15761511
0.08110778
-0.047271494
0.030398948
0.0842915
-0.079246424
0.0139181735
-0.041394696
0.02434841
-0.17585391
-0.11080561
-0.015947586
0.36306486
-0.071213946
-0.0031609738
-0.05108647
0.026688196
-0.024582805
0.055364538
-0.27546757
-0.06104955
-0.119413115
-0.07988803
-0.030605437
0.030285921
0.11296762
0.2344045
-0.0065079457
-0.027863659
-0.08211362
0.015351388
-0.14171366
0.0093634585
0.03402822
0.0328226
0.04338106
-0.11331699
0.10723828
-0.026770327
-0.0066531543
-0.5046021
0.03497526
-0.013833837
0.03149669
-0.033670187
-0.0040989616
0.106694475
-0.08185959
0.0020311424
0.09927627
0.0045328927
0.09066612
-0.065300986
0.012552482
-0.124132395
-0.062032577
-0.032063857
-0.09585223
0.0200287
-0.0003534108
-0.23341227
0.09282875
0.084839806
-0.02446067
0.011454804
-0.021896819
-0.07143878
0.033352926
0.038742322
0.045771185
-0.012598929
-0.007839131
-0.011251062
0.05849093
-0.14072807
-0.05620479
-0.053431753
-0.045093577
0.06882821
-0.06751631
0.05905252
-0.035597824
-0.2769782
-0.023673845
0.35086796
0.016789008
-0.1273003
0.104443036
0.028010014
0.0006610005
-0.062333014
0.04029327
0.04966353
0.034031373
-0.31268582
0.092939444
0.03569455
0.15134382
-0.07246976
-0.079091825
0.03097201
0.11435932
-0.10278791
-0.07399772
0.051192217
0.017308487
0.073390804
-0.022139836
-0.023699043
-0.043565575
0.03623219
0.047649097
-0.09436887
-0.036851555
-0.018041376
-0.077398665
0.66790915
-0.016888114
-0.27167827
-0.062758744
0.14592357
0.05739277
-0.021511445
0.030160364
0.01083081
-0.18853214
0.06714275
-0.121529855
-0.03743773
0.014014292
0.04983167
0.1681018
0.09401772
-0.038994554
-0.109528944
-0.29460993
0.0021729132
0.21872786
0.18184374
-0.06702296