-0.12920076
-0.28866628
-0.012248658
-0.05676644
-0.20210965
-0.08389011
0.33359843
0.16045167
0.03867431
0.17833012
0.046965834
-0.0028580183
0.29099807
0.046137042
-0.20923874
-0.06613114
-0.06822549
0.07665912
0.3134014
0.17848536
-0.1225775
-0.099169835
-0.07495987
0.06413227
0.14441176
0.60894334
0.17463093
0.053354032
-0.012738715
0.034741074
-0.8123879
-0.046886988
0.20193407
0.2031118
-0.039356865
0.06967544
-0.015536378
-0.03405238
-0.065280706
0.12250231
0.13991883
-0.17446303
-0.080118835
0.0849521
-0.010416593
-0.13705009
0.20127155
0.100694075
0.0065300306
0.016851567
