0.0027406584
-0.10898211
0.099038646
0.15416625
0.036614615
-0.08065525
0.15602809
0.0457551
-0.013014313
-0.062436733
-0.032142416
-0.11427598
0.0016807532
0.01502419
-0.23760968
-0.03541004
0.06452395
-0.13332924
0.012546968
0.056910962
-0.15137862
-0.5624347
0.027989602
0.0064271684
-0.08687327
-0.09944108
0.042711586
0.010899834
-0.028167512
9.7996715e-05
0.0039512105
0.05258919
0.022359688
0.031634204
0.030770741
0.059021764
0.23779844
0.11253204
-0.004043384
0.0023360238
0.053437196
0.10009546
0.036639318
-0.11560766
0.086318895
-0.030533358
-0.19405764
0.06149835
-0.07456042
-0.06495488
0.04002724
-0.04520998
0.04580615
-0.15760149
-0.06315186
0.056296166
0.067065656
-0.025799436
-0.0619834
-0.079645276
-0.059313014
-0.04555453
0.18985245
-0.01778352
-0.05008273
0.08747904
0.020792244
-0.13258876
-0.10309961
-0.020961128
-0.1345364
-0.004988555
-0.06249211
-0.12674122
-0.009264195
-0.20070547
0.07343148
0.12095439
0.070074625
0.08222268
0.027953926
0.0860844
0.12265885
-0.057140317
-0.033291537
-0.024373738
0.1476354
0.12516595
-0.22762476
0.2551264
-0.020364968
-0.06292152
-0.08434344
-0.022279017
0.12954582
-0.0238473
0.044269443
0.07375257
0.028588483
0.06576999
-0.063574314
0.015442008
0.021205237
-0.044505663
-0.032946236
0.09657446
0.001163544
-0.38486302
0.12694807
0.040415358
0.04482873
0.14333895
0.009894533
-0.11231705
0.010699904
0.033090767
0.025426967
-0.027569935
0.1467495
0.057403468
-0.06341255
-0.041062187
-0.14770232
-0.060794424
-0.16696039
0.266061
-0.034079373
-0.08852546
-0.14725511
0.069981135
0.048657842
-0.0066958996
-0.13633187
0.1343322
-0.07715048
-0.095041126
0.015996682
0.08845805
0.12334737
-0.026104886
-0.031420864
-0.034260616
-0.05078887
0.044577863
-0.36080852
-0.08310718
0.0710251
0.17072438
-0.028578088
-0.07116208
-0.031419557
-0.105590925
0.04833139
0.03762815
-0.1654294
0.045681074
0.064157404
-0.06610517
0.01399601
0.26828727
-0.0066261888
-0.02784267
0.025702756
-0.031447794
-0.02487369
-0.06287793
0.043419108
-0.024826959
0.10977798
-0.24778323
-0.030665725
-0.0048209154
-0.09858125
0.014800751
-0.026541302
-0.07704454
0.11354677
0.1355551
-0.028317403
0.055144437
-0.32447326
0.07919402
0.07460623
-0.038967047
0.018823372
0.13278341
0.09163495
-0.020193594
-0.03990118
-0.10237792
0.109911345
-0.11263294
0.04413012
-0.04018088
-0.08236903
-0.0837154
0.033185698
-0.023779124
0.0104814125
-0.16219226
