0.052098833
-0.09711445
-0.1380765
0.110753454
-0.027227478
-0.003264091
0.031764425
-0.05076874
0.15321693
-0.023673821
-0.007855199
0.08436131
-0.08042031
-0.08836847
-0.017136369
0.07352565
-0.16472325
0.05473585
0.15367231
-0.05284015
-0.16474274
-0.008948951
-0.13604094
-0.038893715
-0.09204532
0.028746506
0.024459438
0.19419461
-0.032979775
0.005093521
0.014690596
-0.1554301
0.035427418
-0.029362567
0.013728863
-0.060675703
0.020253917
-0.14560148
0.05823914
0.01729455
0.16282158
0.18634756
-0.06337869
0.1306742
-0.11122588
0.027216798
0.038680132
0.15675613
0.013449317
0.1942456
-0.012188013
0.03659216
-0.08235365
-0.24420363
0.07523726
0.46423653
0.063184515
0.050812695
-0.38147202
-0.20739552
0.034894306
-0.18234783
0.09021272
-0.025041677
-0.22256528
0.03382994
-0.13379364
-0.14375682
-0.112640545
-0.037440006
0.06188852
0.09650661
0.08384212
0.1964642
-0.07446123
0.009218818
0.030343592
-0.024826951
0.27563572
0.024221968
-0.23416583
-0.052352298
0.10200828
-0.03673672
0.2940292
0.056851164
0.017595747
0.07998175
-0.075543225
0.14788596
0.016906315
0.07576851
0.07596124
-0.10800065
0.20829839
-0.07841395
0.08663727
0.12381283
-0.23434106
-0.009255177
